7
22
-3.000 3.000
0.353 3.000
0.353 3.305
0.581 3.305
0.581 3.610
6.068 3.610
7.357 3.141
8.881 3.141
8.881 -1.736
7.662 -1.736
7.662 -1.965
7.357 -1.965
4.636 -2.955
0.978 -2.955
0.978 -2.497
0.749 -2.497
0.749 -2.040
0.521 -2.040
0.521 -2.955
-1.308 -2.955
-1.308 -2.040
-3.000 -2.000
4
7.357 2.379
7.662 2.379
7.662 2.150
7.357 2.150
4
7.357 -0.288
7.662 -0.288
7.662 -0.517
7.357 -0.517
4
0.100 2.044
-0.510 2.044
-0.510 1.130
0.100 1.130
4
0.100 0.500
-0.440 0.500
-0.440 -0.370
0.100 -0.370
4
4.000 1.423
3.147 1.423
3.147 0.600
4.000 0.600
4
6.500 0.920
6.080 0.920
6.080 0.500
6.500 0.500






